500
5069 0
29878 1
16972 0
19548 1
26152 0
8053 0
7532 0
12605 0
29562 0
19278 1
18591 0
16167 0
24937 0
10628 1
5191 1
16917 1
32019 1
2840 0
5687 0
25499 1
10118 1
6334 1
7391 1
12375 1
23269 1
25741 0
7956 0
27053 1
26138 1
24614 0
20272 1
8823 0
22790 1
2980 0
1283 1
27549 1
29264 1
29052 1
20054 1
8073 1
7545 0
19648 1
10186 1
15626 1
18846 1
2119 1
16236 0
25875 1
22605 1
1969 0
24566 0
2521 1
30634 0
24950 0
7465 1
28476 0
1301 0
30511 0
29289 0
15045 1
20843 0
21718 1
28106 1
10570 1
10912 1
9063 1
9290 0
23774 0
10390 0
25076 0
16212 0
98 1
3372 0
29001 1
11212 0
15261 1
28442 1
3598 0
19037 1
8955 1
26708 0
32660 0
29603 0
10386 1
6855 1
25081 1
23479 0
7812 0
23022 0
26745 0
15324 0
753 1
13450 1
2011 1
18520 1
29668 1
28985 1
15691 0
20459 0
278 0
28773 1
17613 0
17771 0
13568 1
29472 0
9491 0
16784 0
23027 0
14596 1
29953 0
3238 0
12809 1
23647 1
25276 0
21811 0
5885 0
18145 0
4532 1
16156 1
11174 0
25647 0
24889 1
30910 0
7130 0
7419 1
13087 1
31169 0
10113 0
21629 1
619 0
28175 0
28488 0
30002 1
16701 1
18354 0
26251 1
15774 0
20896 0
753 0
26655 0
32342 0
18830 1
102 1
20024 0
31564 1
32404 1
27147 1
7755 1
28378 1
5004 0
19565 0
25197 1
16860 1
16487 1
8584 0
25786 0
17348 0
6133 1
8023 1
6415 1
14032 1
1022 1
1408 1
25 0
466 1
10982 1
3517 1
22602 0
16737 0
5223 1
16696 1
711 1
10089 0
18728 0
234 1
24931 0
31194 1
22678 1
1963 1
29621 1
27732 0
22461 0
11247 1
18860 0
18617 1
20537 0
22325 0
3823 0
28093 1
17759 1
14926 0
9825 0
3108 1
13187 1
22438 1
7500 1
17877 1
15885 0
9489 1
24341 0
26060 0
30652 1
591 1
15264 0
24258 1
24243 0
10177 0
19769 1
1036 0
18356 0
10229 1
8109 0
23050 0
24463 1
25971 0
27878 0
28146 0
2113 1
27470 1
24653 0
17632 0
25377 0
17429 0
8327 1
12566 0
9171 0
19773 1
18134 1
8507 1
9827 1
25865 1
20975 0
30699 0
17213 1
7698 1
11594 0
25227 1
20372 0
16581 0
28353 1
22616 1
19175 1
22038 0
19676 1
14371 1
32256 1
1672 1
28713 0
10784 0
25005 0
22257 1
11044 1
8034 1
24605 1
27349 1
20995 1
24948 0
26818 0
11944 0
11995 0
10462 0
1017 0
31947 0
11738 1
10120 0
28445 0
7807 0
14327 0
5371 0
7689 0
26355 0
17149 1
3319 1
32753 1
24925 1
8811 1
23465 0
14754 0
6790 0
32608 1
30468 1
16521 0
2239 0
21350 0
4244 1
7562 0
24956 1
16367 1
3142 1
10770 0
28334 0
30687 1
29410 1
8907 1
6398 1
20344 0
4265 1
9606 0
2177 0
14115 1
27228 1
4253 0
13621 1
14923 1
4206 1
12063 0
12507 1
18803 0
22656 0
12583 0
3690 1
385 1
4256 1
14459 1
8180 0
12854 0
17484 0
22056 1
4961 1
15100 1
29904 0
8939 0
4379 0
18794 1
22684 1
23322 0
31536 1
1561 0
930 1
9457 0
11827 1
11750 1
6651 0
27648 0
5249 1
20779 0
4377 0
12030 0
24692 0
3023 1
29433 1
8215 1
17284 1
31225 1
25798 0
27325 1
30225 0
1401 1
7346 1
15721 0
6262 1
14982 1
683 0
19395 0
25068 1
7217 1
15996 0
17166 1
25209 1
18728 1
23537 1
23097 0
19593 0
25103 0
20779 1
6768 0
11790 0
4913 1
15994 1
5081 0
13960 0
30027 0
27731 1
30469 0
30048 1
5644 1
29715 1
9043 0
20471 1
10712 0
9436 0
2756 0
6462 0
931 0
31979 1
30750 1
18311 1
10359 0
9666 1
679 0
24490 1
27763 1
2296 1
5210 1
5418 0
31249 0
635 0
3312 1
8908 1
29554 1
10256 0
21290 0
22778 1
9074 0
6942 1
6623 1
16076 0
20102 0
5657 0
8371 1
8467 1
25929 0
8091 1
16199 1
717 1
25118 1
7754 0
6773 0
12521 0
30208 0
25601 1
18129 0
5682 1
27282 1
30776 0
22415 1
9739 0
15577 0
12050 0
2061 1
11994 1
23740 0
8051 0
17512 0
13594 0
7268 1
19016 1
15337 0
30861 0
3269 1
12738 0
2576 1
8493 1
7539 1
17161 0
542 1
4011 0
16135 0
22028 1
32634 0
15832 1
9282 0
32532 1
26778 1
1703 1
26726 1
22964 0
4150 1
14687 1
19232 1
21289 0
28236 0
11288 0
4594 1
12483 1
3403 1
11596 1
30395 0
4537 1
9218 0
21685 0
20682 1
32479 0
10570 0
3754 0
13479 1
16808 0
17576 0
20552 0
28645 1
26631 1
28583 1
11966 0
16820 1
17848 0
22744 1
29214 0
18646 1
2722 0
10556 0
26250 1
31520 0
215 0
5618 1
5730 0
21035 0
777 0
5053 1
10292 1
29247 0
