1000
467766105651
785197033865
152435361939
80697476779
178208211368
513617647223
194881422749
203765974668
573734784513
30428439220
987997433650
988998128411
789793942015
498133306214
70413590060
297244652559
572692409848
853167294670
365911184111
134180363194
152943844473
487276733341
994908636094
80274063906
784965062048
860917206299
999592875742
438267712654
694164657912
931850219260
181705613214
305458027880
973024652486
421651870044
157354612801
282498205981
467130989776
971366717749
46665624829
467220727653
591617671186
363454105076
118509540984
277493108279
788077761237
952597611801
137227346573
646356513382
216083043585
383720883470
372566395158
195658751869
156702538639
775057740206
203414554417
909239449823
885502803748
721433800170
796429106222
49210503777
234025971478
994436070590
732024189068
385165396687
400985615607
519817129187
664961777354
928028132271
807648261376
489517895244
911711256413
35294024258
321741542365
290016492382
446007796884
947820084545
667558153999
628352054569
78177239840
946186220351
739259205182
235533924895
522432634837
723594156280
689676280087
595953857253
765607177513
505482438894
917934208784
746285880389
183230454794
163611724524
409983946109
215541601455
304236224638
150279791702
240809058603
117707620928
279743385793
882520048374
272956420209
394043598212
684286057775
117248199399
737895009097
31258507393
639121086943
137530277791
665366251440
102016511350
835224498791
759298944249
408110311266
628524895597
466662398192
546951490826
403475922877
149920202241
320620938910
585811726255
671032461370
683197411141
209153299374
423014816536
455069577562
522097705949
782424288003
6512102947
654196751537
274770187991
628570336259
135427263473
471094087399
237906198240
379016152450
274966209713
125872614020
797503608924
512801101635
250229986340
76350982168
289336323325
378998893666
939402591850
480257719215
196023443928
312827868771
463476099682
312413700964
726363370604
322769732303
438796121100
760140104977
297731772014
83735077900
515651936771
753787776973
100299272044
571285557333
202021914395
975235185682
183433454706
470612656868
2512920447
407404214899
375089293510
647494789666
940411617288
786047133307
897789799134
485849289707
98671950873
403012567174
619536712589
573945548478
803132476888
396880828646
618677103915
489838673592
738866901721
191587990265
865168657884
835836051408
532362955698
117699301955
801939190034
272438461991
17689001186
715969106594
286865249628
74199116556
252544198939
61204224026
500840373557
728815943405
470087717941
964949233189
122845296751
757038158607
78116385582
421790587799
359541067918
235973922
517881486092
81981435325
904445466803
103370820291
140243791873
685816237249
612844507021
665929002648
983731879067
36997017271
452372708081
749711195545
741405480269
157946297047
238145460674
681054133148
602787632416
914600277599
491538127503
304138887227
624503163169
350931944846
868771559330
496675829314
256397080453
885545316517
284052389899
884792117249
178206767750
926709492884
691036378167
358512896951
860509307875
320379222870
71944510066
461752286253
77100474225
804839512128
718506780120
746970745987
722398501977
171528864153
811674604283
266277734787
996122634751
506051019228
780864933983
932460461041
122834298912
576367531378
920385946770
727336388399
151495671911
546444928687
505959608170
269337115182
112434953327
994240672377
557367684222
968397302734
174931005851
390435925971
592400891938
202246511479
419186230872
254834254226
567313665028
526086439176
794773412758
271670261985
104264713172
825885071653
196573156187
33565137963
358932759741
776609923642
860246511804
788328341048
389730626956
101492239852
343888520898
564607628383
52183775368
284362356610
38802132946
193189937513
827651523429
534370949965
991339158867
517762474705
410395793110
682177690603
525127277921
988144824225
406240757839
206564058937
13266795673
396687793067
760411632702
668607061021
822217049710
303503634659
259142689447
333142254113
673382797224
175773997663
698447357046
298290916485
217627497646
723520690143
942186530921
91172827713
706392936853
163266493899
301136886202
965629375707
275065266739
906638231170
266631651410
243863444451
387109038478
477639988595
609740997916
849365050280
132887593643
443393097163
861198841240
841081919090
346054137695
389061808786
343148664770
52556425714
78381119659
719984105454
400481547224
973914560445
86579487357
45952090725
535158695757
985189556921
249858549012
542489277645
329521502372
138537358640
923610762274
74763864621
878032031813
480254032573
48267455526
763339805498
343363705450
175695924222
597840054717
435770754718
440923114632
269117451438
607250628716
616821588303
996679570874
14232269984
609836309821
379466560158
99504669290
522585556111
195549699110
957846999231
981158667296
644675823078
713302343753
349487829845
890386791033
402867082235
963041566984
190816836618
478031755106
966209981333
895633867275
9449183999
618500755437
823481439018
116782254800
450198474673
811586157142
8445381786
266164663116
888893374766
966158943303
628149883636
214112471812
386488921905
886490014521
658102935444
265863875493
11182538562
574139133996
259191547999
117615248012
189048835917
71931173090
228881242757
445824646187
860751936670
68191740007
571241105729
354238448996
778132294499
21068314266
668445151931
568624698760
868497167958
509907828496
507628167907
539402757543
427837007208
440339946813
401209405936
125881980830
557807965139
540930969856
773580638361
869905242028
1260959911
552229132454
261975920661
515988634477
568072931448
342106087814
482849270271
215294145577
903676448527
228478516608
610108806269
520062743087
955714831785
543786376408
503373518667
231982115313
724940124886
974769768901
876202190050
858724879413
187069935856
692618789717
806328255193
212707713194
255837143602
726929245357
246189039891
737486788438
823018866056
862412408085
444206993139
109893438397
966937713026
558126160526
235124151958
524821602234
514512321293
238105581889
222259774419
574522000618
690369876488
891333942855
537076527793
237587482635
341438209606
596111632345
221358706146
642521957493
80930782592
765719628959
803998891442
791502778197
855885905057
850232363286
322700055873
376391565653
785882056676
87074987188
769431244360
984017720084
506069483676
184097775324
308110043171
207931604638
270673502079
193753872512
651282933046
402566809414
567275004176
524873489417
874003913897
513405226102
292936626012
757789458807
980236273161
453580044184
445600415717
776256756434
286039137469
689900510028
117968399115
104165898625
26825650796
907128022192
127842389749
965458196881
38703523083
586828745294
973103610327
87201733183
203025587966
105989040474
811118155413
73576662783
293596990044
426133203083
398101224621
907893393519
485956329269
244124549537
435490541084
83070507405
701745960480
468069364228
947501611136
165102194560
480859494917
621213737513
496653571513
346108635776
437607300004
889493401843
811559980753
57074544083
879548511011
517154406795
787292276992
329408829587
145600050347
142550432869
644195735268
239878367311
726218589462
872695352943
601309804538
297231196900
997823952180
237081254779
688440072262
720695536548
619921794686
1358101278
558370348401
154659368084
545790612524
529867903937
340240343033
406551831215
469016235226
967823285152
208602866141
852294407076
61174244264
283144755762
423616960091
771166466269
207763076266
569349826603
797151648462
547833034931
841315735252
20379066356
677912090239
656750199360
401731942205
480168207801
676708999092
411067864959
608757324576
581414938205
798025253764
545361969633
965597250634
861385367702
552527300489
754425200698
116706513549
188947915961
210443454942
493921444617
879592296574
999288152330
887664034633
1986298045
781942848602
636445155315
698834624343
97544887472
806066581451
929669592128
960752186249
649654063942
436237958129
359833193228
2736642137
597143813082
852578146316
90114787895
347245858395
254150565807
625597257785
533293528378
994004179197
972639834633
41177571706
617145387604
169840561897
226404290819
122050705245
366313990826
703710502268
992231088822
307197504548
640031995312
377129818644
318064296729
26689033004
405758811284
174197653868
120668992759
309730516577
988287688898
828804268136
374554460252
604468440728
973328094302
499563982976
218757715116
132669301436
155558989685
119288095884
733977864011
583100744908
561861885527
812754056508
332859284312
383162284649
305521795851
971245939028
990296092569
504375483704
922816346414
274878829211
604887625156
778170917059
666700037597
523790851126
932714866108
474806078594
716495045359
885324438060
521153443440
756630821286
352902766697
585406925650
372745228569
646019670444
807852322425
995918523697
7528061246
786283991010
32379113248
780988539619
788618281955
406171526864
551614112804
858010086886
504061969781
820077049687
917230653636
757389296504
819730651105
508376839189
872750971012
955006471463
975200919960
534245612658
346379959387
877163360534
76414371553
814297512849
166591245634
692737112578
200821158901
477229197676
955492937230
134194829430
559319557223
737302661307
789662427395
922780249121
859231644187
234794632836
187833910646
499607814285
410619207025
122880370669
968382557974
236940139539
320463403186
157857798998
383320538071
427766598627
448373515408
171105254573
354405949617
366340521040
325774901321
758724449596
787887749401
239401726486
30568349652
61582433341
7782432091
679286469483
622782389643
645668837447
737914684707
851615748255
63119836570
879965402399
269764708079
257270143310
434240606592
36301935971
954554092263
34538743178
841793249071
659133098287
773200960936
688419008690
876791703262
21254270542
285423022749
167516176724
188458704104
93150995596
286736651977
672862560966
132547940766
932769925403
498733281972
161970568378
500745848676
308233016295
799688294739
503462289562
319660699685
131848879507
194577817627
843199424558
345209462834
180396968672
631759345514
372159754467
694069422679
26635673129
523113639069
813197341400
36759672995
980236757450
411188905420
846107125097
526689388470
650808672063
764833247688
183897799127
41178238524
97079167042
375688276825
858193860800
839776257298
288127022704
304642659342
709251352092
209202100219
673256348300
141819496809
955167925691
916309888150
237296838643
497763991244
700896690473
543742562103
655781160328
157079619246
760623696653
849908227968
662015193500
870578724229
922476903459
688128137451
230910469087
436818444399
391398405523
5089601501
832345845222
132745658438
542317093200
130002007496
319829027436
741890569446
810721674348
815037784233
688360074293
179908844794
388256528292
459683143681
671049268141
727590465695
722665026025
745254494555
478183307506
691305387865
557775870439
316378196232
930877966144
992527844494
78338553371
610837160248
458443487126
988231158012
701601274212
42671868192
135526520346
743537285972
477024133202
916322650031
90775116268
145590268903
682452440003
718319084718
330724209360
211293779489
335400783865
377172397385
584705596697
702832879137
563292247936
848455891345
804278196770
651199765004
169280565573
950753918237
209742946627
980228664237
748563362871
262457797958
953317403505
961480707182
653341024126
741210794353
578772382717
865058429371
960413287802
379467641296
68828294643
58219342265
574423045673
913433667998
822888380363
649087972553
493112732191
728735202224
399189981848
921240188950
291651750213
760053798891
123476765624
835173245911
774055440263
927077474700
585195267891
587287721778
267618308761
853638825166
296040448972
58925322514
319695172477
110339674272
77677040573
548348232714
108571052551
290178929749
212627693141
441647826485
987390522230
772822708529
741730369105
593612981457
368976698440
237337995736
622951090669
880075565413
346449611429
811732645449
725195046072
290516686026
235528655843
206668483298
908848793698
667679179640
220372271748
834754822997
542541418460
238334071174
825053215276
53394975618
549181463048
612374433111
393588317697
657086038465
881657763418
263837960929
363730905362
513925713021
454593164511
817412604284
836593769621
609188216632
132303429929
950155694364
635949716083
179362357763
859400628588
803775143406
735650807312
180948508829
469067456203
567546434127
931969954592
624633809468
639954842947
497442259713
832829822801
73706264537
139736671426
173994347538
742276734854
411365621437
247099759674
831825519070
264351707578
826095863632
948234643224
823134271438
533409418867
106647937249
46402312249
165859815444
185896126350
480421135598
697587396106
458576339099
420082631423
191130552136
749861412275
777930226443
13031006237
921313504252
392139515698
296208018069
633967569585
283365625998
136509138764
194083231115
550907391921
828658129971
86748031634
350371819364
708665626358
970942420081
74065311366
904097363254
490490633609
405365496679
175840580272
962217365268
983642755861
109874391204
64068585190
776910465839
713218140496
950636412184
518870363176
625027695530
