70005 13338
691569772 674307500
3738031 4189027
24 36
953380 504580
13 26
60 80
2604533 6197227
36 36
921260 974160
8390 4593
7546666 7546666
46 23
71849591 87502757
7837120 3134848
5742792 9919368
9050184 3481719
3240 1920
80 90
580326539 941374447
628 516
39741893 51411841
8846560 1092043
5365 4495
826200 427680
238 357
85 60
546817284 893226125
2145 3315
265961210 361034986
45104110 58097742
449829792 128902720
73047 56190
921621 210086
916795 332325
6280734 4458767
451 286
68 51
896060718 166494942
60 48
27604 41406
1260 7672
520 140
7 1
72 56
14 84
7653635 4493280
2363 9291
56780 70607
91984730 72469932
1294488 4398504
6556 1980
9 6
8103296 2334848
77 11
83537 67687
13 88
878346 648303
870 810
1213575 9523450
7355132 1405753
95842 36261
272440 342289
308416 280608
2800 6440
99405 46001
191483415 261322395
2 7
268086 222632
734708 466257
5088 7632
4120087 1252151
7578078 9074996
116710 352330
451 690
990090 633426
893 350
320930 858814
90 21
3168792 7393848
88218 68520
8 4
5949225 3602225
24 12
8 4
68132 17033
738 164
4 7
831045 104550
456 790
56196 77604
9288 5490
923515 632804
62 37
12334928 42395478
6 9
5207 8763
939813 984566
35156520 47820528
173679223 609964198
8985892 3775512
687761 188151
87495849 17985849
84 63
72605 87126
100118751 696454481
1789399 3210193
7 2
41496352 49276918
359867482 272161461
8 6
91984 40800
77 33
26978 82861
170087325 966378053
49776 53665
23628665 92615286
634970776 506106106
55 55
662577 883436
9 1
147378 695750
28373428 86967784
29448 54342
6156 5568
184071 797641
83987 11693
32539871 57572762
34825 84525
49509 29879
793600 315520
511833057 776135529
8820 1260
5610255 6908001
924 432
296 478
751 538
914441326 298032336
60 85
14 32
837169 729379
87205677 59701415
33077206 27068371
7777660 6419240
70448508 35837082
42450054 52548870
3951830 6821695
876292914 285368664
66232 71366
1581 9974
3123 5205
817050240 756528000
87521 38991
8 3
367133173 711426078
203830968 325216472
479423559 677687544
3069 7161
870 609
65 61
356029 970588
8436 6216
2379231 7402644
4704 2240
7028 2141
343422057 147254987
2 9
9262818 1994209
156090675 587652210
11188570 31014030
3 7
76377541 36480204
39530 25860
8 2
33 55
7 6
893332753 978101841
8 4
4272 7997
3586249 1250125
44 77
4 9
33 69
8160 2329
880172309 647714700
38 85
96465 32608
182908 191546
566508 747864
30486 82324
486 945
10607 93394
320 940
72735 85044
9 2
754823 161733
660 715
3081404 7572854
93811626 53040575
8 6
10 59
604281985 103509606
65 39
808974 262062
3582 7761
1666 9401
33 49
62914056 75848847
390 730
44168958 63904581
7207560 3127252
4 2
73316849 23868783
52 96
4674 9747
36 96
48702866 79836232
129 258
217815 888015
7059 6292
22 44
37297170 92617350
525 802
9112822 7491750
2116 9522
1999 6520
787415429 457038037
84774830 29831158
1978410 4318965
672 936
12879256 81733740
86330715 53706000
6498352 1007505
149910 787422
735510 996600
812643 769227
702 783
969686205 895619721
98235128 72678341
586465577 419797324
12790 98240
150 896
74842757 45376760
345201 460268
5304 1664
75 76
2632 8937
656 392
6978070 7294386
23356 23356
1 1
98 28
304475 963711
805539209 852464879
327 872
82197128 51779064
146288373 331007038
319 456
313190080 961468290
2664565 4979565
126229 323356
72 67
6452 4695
82190 11786
3570242 3271320
876390280 469537990
2 9
6 6
7955 8697
43813 88869
9 8
60 80
6401 7456
17712 52500
67812 23304
7568676 2522892
315876393 907478554
902888 682327
1 3
938819357 652697822
601391736 978603120
77804432 41699872
6112 3277
3310938 1991304
26 15
