10000
392127789170
332729100030
621595342127
383013281441
170323610098
236599906266
357002391034
727410827970
417578958891
435210921993
808760888209
705055220917
726407690786
39702022358
936839717645
191994973644
819764006052
671532598381
468950466296
179122323629
32005040570
720733001122
822384898705
43463901574
892904727716
935378178589
277830186120
671116132375
765843083102
964417940794
409371483840
474284552175
114037600377
696274393218
34518848750
252842148383
415302554587
154068604514
52121832496
633618696844
389566648032
139743687274
504265402106
787613957030
497285608836
94680095319
838281087377
498084089146
252472441008
115421301356
729574436025
777154365703
448361248841
998500061036
372106598632
614344154985
356902681263
28828159903
922858397710
913833503288
9378700389
326610895374
394702877780
816241869438
134809867989
873787185302
235666740089
935940861945
231213851728
182810860867
794195916681
270290726222
332910209394
242441922985
210525918932
517010790947
535651916509
990560957735
589769341769
653552054150
804234515298
540948554161
710193271535
67162818584
47567566142
360787231106
800396530007
937861191109
411005547708
307996322462
528475163362
254749952058
282582927967
46028346897
611891554695
129056130684
406719996977
991676004166
983635932418
996896888229
870750880055
780234201407
720657415987
670188197185
740239347670
920507136514
694066957153
136453510535
419343639885
906216027838
711952025387
301011145401
993411025301
908872654299
308891890970
979419422218
387148234300
545268819948
480888260941
980314354760
674466913735
606471197284
676861841938
386246034072
894183234901
582923492161
830011318623
369470510073
582798499835
292892226015
775100356888
976717888437
876303493288
696517506870
935404540057
219334754283
110064958674
316955749261
9521924056
171218142882
476954971556
517099139702
708031247922
114778714475
355401663861
700355300030
599406486827
978344823848
263228977593
58673153154
168710429323
127711495229
184983269562
882447690719
929864771587
943929160448
248684564564
904053508305
87368519170
251367133229
35425671275
596489001674
482501444551
141971848260
431244440719
845683534312
271924494419
653453147151
77693484242
499323585041
559094543346
279703918939
839491974895
142548231436
153461735097
434266844734
888230104859
61300036561
106446052104
494111272576
83831430366
42969363908
127186692655
805747437240
407767705242
45538882961
625609003348
893319570612
27368973008
162254523834
283088526105
641573138320
610286961288
310852829764
755547086332
521660421166
29697259609
124812107316
886012109622
926161555591
646137971921
946987287016
233056810605
155154393463
346469736156
506081709418
786456664077
466239722550
765267108587
738902608115
683956238326
370412044636
510568379621
150172686657
312007619745
365674982166
964875237795
436808926270
584048861870
763542487311
571575895731
318405973696
148244383228
159083771069
745134091130
845626099542
975161368231
302747961748
418747155419
86324030552
453180849512
556405383284
76837302594
56218396036
770878913928
360293512876
825459332984
859075671738
474860211761
134377264674
786812513936
297968766794
710197163804
384897715833
817863405821
781512844585
912894526763
652913603887
892210770226
331229755000
574977156708
973545125796
595068358870
885217860656
180170694528
807636948421
619419150892
776503673266
219160039444
354610449089
685848190695
499606827351
207740128382
539933906427
505932530748
399550248473
68964020001
960465430284
563069863396
280475835630
991476827923
17369341834
993548653264
979777045893
742589239713
800875186160
799800073209
115791936188
648116865305
496216867942
479629247588
42822535991
237379167582
787234354599
506687409734
161929470404
478249745220
846328774407
434238026244
941998871990
834167081602
856954859560
597743999676
717947738991
936761489878
593374930723
538229299366
682650987898
402099634484
79461998371
692132383253
823768224551
113094186921
76985104422
197508561659
246692352290
945560063952
760946598890
943722191032
481212091203
199987135645
856974197926
573111596030
916264103372
63883283407
593393198570
698509952343
841304055110
176721008115
340446184131
191585413312
507017182930
354584782576
455049979286
363064225808
441527845734
707771395099
342882944569
62538958744
705126552744
821329493451
286588483247
711827468962
196112554945
175193786332
88316873715
946869260223
788838005660
792147955806
808149423510
279197015964
669927842994
826976691112
321582088412
681461573491
880588109422
186333268184
942057371031
850340922927
258755402045
300459585225
174451909357
735004663578
3708019787
528269995272
970549226806
456572705695
484415803143
40774062156
930377519876
305718822150
936902970032
840897831729
510184587756
196645451068
386189871089
465762419891
929673695283
416954461346
865637902130
524866225382
825224232032
423289571743
455889523505
191262144418
979094517809
114018132384
168741940155
620037220270
71770603908
161843246379
570804331763
854027790535
412042914404
678191399396
189988183955
467616525181
605850989825
233478953853
30927082710
91319247413
582373363738
793147846221
311498509647
647326424165
311244103319
424847826459
31762908701
710679241043
240033638177
413401227042
599313819977
474047065894
401693561737
821199924833
655466735146
844515287093
877253997210
657269650702
792752401324
706317937594
516949294290
85757197159
309443655103
752395543454
263393722119
276330317439
633190233208
106499099184
802166106018
419460682120
468388507378
251248524917
809669413553
800354326329
911656004666
512092523178
106882589059
408070507145
528699868703
670200197701
903884038286
14897135199
585816032627
310210119214
410223646692
262367548379
667314373323
325385938955
159192553621
63372529646
711185034801
161596997706
796558196022
117364940640
607964997416
472889608217
349923060634
71726902110
542695253316
710365875
710095811711
348293800030
990656203625
236125392402
569715424467
800005363
216012032492
734883911339
943592487943
931660038071
957966334140
304784244208
160566181679
970256711601
38067798560
226866582360
608059732992
560243635930
301162756818
290940966606
590574755547
752563407149
237535487423
74178416985
123480171555
749341517847
691211345807
329226861009
684969230410
90610999238
398862330795
304392772476
23806976381
958149274841
667619189578
844077688237
961607808941
4365602342
693830456719
18961477400
39582011265
130789472334
528238669776
68107379186
806303504022
552753316994
907329382609
124162630750
662692113699
751507937256
395596553583
147918046945
820796613143
189879367409
421296689478
208517371512
579379043698
948067185559
979293959546
114402724301
773378146656
82927956735
370972083794
71995264738
967963256968
628595783300
718324825071
695561321871
407675076298
258052769531
782521172290
319810895956
855230124026
394086100799
60872283547
338470143231
902611890164
712723932700
746496167966
373556593383
5279868133
857646444855
180466046444
784918013544
478255481700
6335623545
504783771983
454443925799
551198323294
862507319965
782381419124
118821523723
755941390499
558119833790
26657223889
453501078046
497041296208
412066407090
706957809265
433863759325
515276142040
927136705225
587172800864
947484646124
526003858206
664304361400
950327811250
410445672890
842993042530
664710722485
993798514619
493349843721
204778525757
146657273979
662641427420
668988397058
784851422211
888762492992
337957555598
996932984299
152197802362
692008248124
82098259320
508727927191
817203416800
369273519829
749099000126
166930614462
182695941749
599227455647
587910229245
140457727125
65410537564
991584173832
816131755123
168988125849
132229452894
270755709721
134959924021
407276785137
124684929380
54375599699
940634702385
914839417694
842279121204
301480477793
232598603144
647682174507
543572310757
606240842426
924470677975
454893331488
90968869133
88155602492
783390857011
125749324740
317011986830
269487350654
196683710681
37237452109
583864085427
446954349534
466052707221
524528543261
808239245968
318355452520
297356534678
181567112569
499290531006
456271009409
505282015492
618078989441
221369619844
139154276222
67800245985
213737303884
7626336141
898193780959
798521488494
423440785183
55473578579
56498671250
33376545809
190506609208
709588591186
139923747606
669021698038
471692542287
721173348340
620393607835
748275777779
388708554659
532306596964
371230491308
210674404125
280832297887
821886616654
385296876861
673308265524
25955885985
123253715008
822955378490
125922820946
114230685277
357612799303
649344406024
229190959308
39664720096
427544739743
909645888731
489866615718
555485639233
235315940965
550292213144
931842966731
279073242158
806740955287
744432888822
977731801606
453940058871
67436356379
602361859573
207871085462
254735232801
167641696922
414410585689
973759156302
950047677426
985944134918
945262263930
735260432794
309504921922
716561174035
280520034810
480996516894
98735297830
812357623831
981267606808
502054931621
826195891758
496230583432
545432987186
819828219132
685789509587
225095225081
477774500145
567652546998
970555812674
96604300282
165529879355
88484001015
544754575215
115606190842
104083813773
440371219721
348288876359
622319102518
157960318227
971982678820
936168076113
559667430925
385628051658
675436119017
692229095006
328258607638
127563394711
337419577901
255238870292
577087287684
840081801300
96413412652
124050062964
122195373951
466062388711
498784317563
53407014125
729931826239
563030390662
749035403436
62148916588
392487122670
925106590296
357518259271
41398842442
384472462594
64569858095
193083765445
969263644083
929259918299
970362219216
879105056755
657969431964
315582892385
721875756513
258766205645
149062892448
4032156289
572616369437
203113748942
485156078957
84508689599
131037793323
411460428812
219197763030
512336883468
117078267330
996966252829
289233316299
578838956195
369895686980
56033542447
102041025114
653873922879
736717772216
335770894954
944669509662
704384394899
602025492746
578334275375
174979632952
804460040347
118373293502
635845262050
816014948666
352354662979
554405597998
293518089311
481938375084
305180137071
806023021759
727401994075
731252323128
821016632749
486736422821
788855755705
963454596993
869754734318
127955700698
159357994731
471656800202
994668530913
994871948098
124014234945
478225234755
870646752337
972576251917
122995426396
421039514668
807526862263
449513834396
476118146065
332056069976
159778530306
757992929990
907647757215
979802546161
706034945472
216329373534
427367130367
508346922953
73121231569
558198207184
426689845075
911668058063
398202949380
105898546589
497084776160
339427341678
564617777529
947289867495
574928353405
977756924531
750187467970
788372498995
231595347628
507913163648
780151903814
480331492623
229376397047
382463148341
135508016588
748476324570
355795569107
788311420729
502725614122
195720864682
785479373462
631189500381
803752608999
477590660794
646360725818
829741669573
21181481266
802455745307
530323578450
556352289390
574237999661
998771424092
46721837745
30498082196
141215114148
639717809686
900227301777
964618046103
832703607126
675274625121
953545121149
367863536827
286234272926
672511745735
372589318650
98992085028
765832451878
198436543924
634365806933
764173409438
855824274604
379997571470
417609068319
292180747496
287518945876
934199968783
584909024331
591355090411
211664678299
303569604273
636713708824
892921470468
967010743198
159580224881
50966488250
767863256291
847675498594
482387157895
342630360377
285707772471
316764685362
60966594515
53290324117
937435248220
950310330571
494972352934
105722409045
459188791969
268657014925
894969574478
278018680211
955845196968
900222795858
736200088758
921995867447
281380590447
273948596503
245304163999
210708741970
699476296099
242259418623
242623588098
87163114318
257473418888
546735351771
123445883427
990664694631
126886120769
725438088890
62505936930
884376670584
67442861919
522838236731
705239433842
538450607129
128601247103
877312108645
226884589474
118048406963
668724378335
785269347652
488637614249
119179231919
473066114304
118641465443
169505965555
171172110507
442815721180
278971222933
705212030229
983703369792
903037030197
215676642702
791778209835
235157515786
788679580556
592667729119
755158569208
508129400590
170344517564
446183764313
40601715884
612834117035
696157080669
613672052454
571352998860
465172333634
719417767085
811320434592
911437803633
270217413076
959590880318
552476984222
762691436426
899527462828
138138117462
623453933907
434532358270
206954906819
5559857781
899805094555
139341310684
902525550301
226926730859
154883046274
92734243944
164459971490
946969323887
388290035618
5853515833
215731067350
445108252463
5259125071
164102082683
624875732423
725917727823
963951339785
70583585236
348756688810
913298653832
817508030770
849551282686
607289488024
769178759050
434625116995
357324779954
744721149232
807948076049
396558954790
991596005196
347865686114
591190182320
721343072712
